Classification Report - Round default

              precision    recall  f1-score   support

           0     0.5174    0.5200    0.5187       200
           1     0.5896    0.6250    0.6068       200
           2     0.3158    0.2400    0.2727       200
           3     0.4040    0.3050    0.3476       200
           4     0.3945    0.4300    0.4115       200
           5     0.4450    0.4450    0.4450       200
           6     0.5482    0.6250    0.5841       200
           7     0.5381    0.5650    0.5512       200
           8     0.5850    0.5850    0.5850       200
           9     0.5526    0.6300    0.5888       200

    accuracy                         0.4970      2000
   macro avg     0.4890    0.4970    0.4911      2000
weighted avg     0.4890    0.4970    0.4911      2000
