Classification Report - Round default

              precision    recall  f1-score   support

           0     0.5298    0.4450    0.4837       200
           1     0.6414    0.6350    0.6382       200
           2     0.3486    0.3050    0.3253       200
           3     0.3770    0.3450    0.3603       200
           4     0.4059    0.4100    0.4080       200
           5     0.4585    0.4700    0.4642       200
           6     0.5340    0.5500    0.5419       200
           7     0.5693    0.5750    0.5721       200
           8     0.5885    0.6650    0.6244       200
           9     0.5532    0.6500    0.5977       200

    accuracy                         0.5050      2000
   macro avg     0.5006    0.5050    0.5016      2000
weighted avg     0.5006    0.5050    0.5016      2000
