              precision    recall  f1-score   support

           0       0.81      0.86      0.83      1000
           1       0.86      0.93      0.89      1000
           2       0.80      0.70      0.75      1000
           3       0.55      0.83      0.66      1000
           4       0.79      0.84      0.82      1000
           5       0.88      0.62      0.73      1000
           6       0.89      0.85      0.87      1000
           7       0.90      0.83      0.86      1000
           8       0.91      0.88      0.89      1000
           9       0.92      0.80      0.86      1000

    accuracy                           0.81     10000
   macro avg       0.83      0.81      0.82     10000
weighted avg       0.83      0.81      0.82     10000
