Classification Report - Round default

              precision    recall  f1-score   support

           0     0.8722    0.7850    0.8263       200
           1     0.9078    0.9350    0.9212       200
           2     0.7843    0.8000    0.7921       200
           3     0.6943    0.6700    0.6819       200
           4     0.8593    0.8550    0.8571       200
           5     0.7879    0.7800    0.7839       200
           6     0.8551    0.8850    0.8698       200
           7     0.8756    0.9150    0.8949       200
           8     0.8960    0.9050    0.9005       200
           9     0.8960    0.9050    0.9005       200

    accuracy                         0.8435      2000
   macro avg     0.8429    0.8435    0.8428      2000
weighted avg     0.8429    0.8435    0.8428      2000
