Classification Report - Round default

              precision    recall  f1-score   support

           0     0.5304    0.4800    0.5039       200
           1     0.5787    0.6250    0.6010       200
           2     0.3288    0.2400    0.2775       200
           3     0.2982    0.2550    0.2749       200
           4     0.4216    0.3900    0.4052       200
           5     0.4055    0.4400    0.4221       200
           6     0.5297    0.5800    0.5537       200
           7     0.4553    0.5600    0.5022       200
           8     0.6503    0.5300    0.5840       200
           9     0.5312    0.6800    0.5965       200

    accuracy                         0.4780      2000
   macro avg     0.4730    0.4780    0.4721      2000
weighted avg     0.4730    0.4780    0.4721      2000
