Classification Report

              precision    recall  f1-score   support

           0     0.4711    0.5860    0.5223      1000
           1     0.6086    0.6110    0.6098      1000
           2     0.3549    0.2740    0.3093      1000
           3     0.3865    0.1090    0.1700      1000
           4     0.3866    0.3460    0.3652      1000
           5     0.3584    0.4960    0.4161      1000
           6     0.6277    0.4130    0.4982      1000
           7     0.3721    0.6530    0.4740      1000
           8     0.5829    0.5730    0.5779      1000
           9     0.5582    0.5710    0.5645      1000

    accuracy                         0.4632     10000
   macro avg     0.4707    0.4632    0.4507     10000
weighted avg     0.4707    0.4632    0.4507     10000
