Classification Report

              precision    recall  f1-score   support

           0     0.5462    0.5020    0.5232      1000
           1     0.5681    0.7130    0.6324      1000
           2     0.3909    0.3010    0.3401      1000
           3     0.3424    0.2530    0.2910      1000
           4     0.4154    0.3560    0.3834      1000
           5     0.4333    0.4710    0.4514      1000
           6     0.5072    0.6330    0.5632      1000
           7     0.6687    0.4400    0.5308      1000
           8     0.5136    0.7380    0.6057      1000
           9     0.5311    0.5470    0.5389      1000

    accuracy                         0.4954     10000
   macro avg     0.4917    0.4954    0.4860     10000
weighted avg     0.4917    0.4954    0.4860     10000
